__IN__
5
1 1 4 4 5
__OUT__
Yes
__IN__
5
1  1  4 5  5
__OUT__
Yes
__IN__
99
73 89 51 85 42 67 22 80 75 3 90 0 52 100 90 48 7 15 41 1 54 2 23 62 86 68 2 87 57 12 45 34 68 54 36 49 27 46 22 70 95 90 57 91 90 79 48 89 67 92 28 27 25 37 73 66 13 89 7 99 62 53 48 24 73 82 62 88 26 39 21 86 50 95 26 27 60 6 56 14 27 90 55 80 97 18 37 36 70 2 28 53 36 77 39 79 82 42 69
__OUT__
Yes
__IN__
4
3 9 9 3
__OUT__
No
__IN__
3
1 3 5
__OUT__
Yes
__IN__
5
1 0 1 5 1
__OUT__
Yes
__IN__
3
4 3 1
__OUT__
No
__IN__
3
4 3 1
__OUT__
No
